35 0.19453125 0.50625 0.0515625 0.09609375
0 0.59375 0.4484375 0.040625 0.065625
35 0.8578125 0.43984375 0.0234375 0.0703125
35 0.8140625 0.44375 0.03125 0.0671875
9 0.2828125 0.48359375 0.1296875 0.178125
35 0.065625 0.54140625 0.08046875 0.13671875
35 0.8828125 0.4390625 0.025 0.07265625
19 0.53828125 0.43203125 0.04140625 0.1125
35 0.4453125 0.471875 0.01875 0.053125
33 0.71640625 0.44453125 0.03125 0.0859375
34 0.109375 0.54296875 0.08828125 0.1109375
34 0.14140625 0.5359375 0.071875 0.09765625