10 0.3046875 0.6375 0.17734375 0.2265625
10 0.77109375 0.69921875 0.27109375 0.4015625
32 0.0796875 0.646875 0.07578125 0.1484375
20 0.50703125 0.49140625 0.0140625 0.01796875
20 0.48203125 0.48984375 0.0296875 0.02890625
19 0.31015625 0.5171875 0.05625 0.03046875
35 0.20234375 0.63203125 0.05546875 0.16171875
7 0.47890625 0.74375 0.26328125 0.41640625
0 0.48828125 0.5234375 0.03828125 0.03125
25 0.0359375 0.72421875 0.07109375 0.20546875
0 0.5625 0.59609375 0.09375 0.1609375
20 0.3953125 0.50078125 0.10703125 0.14609375