10 0.93828125 0.53125 0.11953125 0.0515625
35 0.5078125 0.7015625 0.06640625 0.18359375
19 0.82890625 0.5109375 0.05078125 0.0359375
19 0.04609375 0.759375 0.09140625 0.4796875
0 0.56875 0.58203125 0.08984375 0.15
16 0.5359375 0.53515625 0.05703125 0.09296875
23 0.79453125 0.4890625 0.0734375 0.05859375
12 0.78046875 0.6390625 0.18359375 0.26328125
10 0.896875 0.77421875 0.20546875 0.45
19 0.7359375 0.51484375 0.0359375 0.03671875
17 0.690625 0.57578125 0.0765625 0.153125
36 0.2859375 0.5546875 0.42265625 0.8890625
15 0.6015625 0.63828125 0.1578125 0.2453125