25 0.0484375 0.8078125 0.0953125 0.296875
27 0.19453125 0.7234375 0.11015625 0.2203125
19 0.28984375 0.6484375 0.13046875 0.26484375
34 0.61875 0.634375 0.0359375 0.09765625
35 0.58125 0.615625 0.0328125 0.09296875
35 0.7015625 0.71796875 0.09765625 0.21640625
19 0.94375 0.63828125 0.11171875 0.2640625
19 0.7640625 0.61796875 0.1015625 0.16015625
25 0.140625 0.7640625 0.07265625 0.2546875
35 0.384375 0.640625 0.046875 0.13359375
35 0.85234375 0.746875 0.11796875 0.253125
35 0.47421875 0.66171875 0.053125 0.14375