36 0.62109375 0.603125 0.09453125 0.17109375
19 0.38125 0.66953125 0.14296875 0.29140625
19 0.55078125 0.65078125 0.1125 0.24296875
25 0.315625 0.621875 0.0171875 0.0609375
35 0.240625 0.684375 0.03125 0.15078125
34 0.50546875 0.77734375 0.08671875 0.23203125
19 0.73203125 0.665625 0.171875 0.3296875
10 0.9375 0.77109375 0.12421875 0.45625
24 0.1734375 0.68671875 0.07109375 0.17421875
35 0.6640625 0.76640625 0.08515625 0.24453125
35 0.82734375 0.671875 0.04453125 0.1640625
27 0.08671875 0.8015625 0.11484375 0.3234375