7 0.48671875 0.64921875 0.14609375 0.23359375
10 0.6078125 0.60390625 0.08515625 0.1609375
15 0.78515625 0.6546875 0.33828125 0.46875
0 0.484375 0.53125 0.0484375 0.01875
16 0.375 0.58671875 0.11171875 0.159375
0 0.4921875 0.5265625 0.0390625 0.025
20 0.43984375 0.51171875 0.05546875 0.1015625
20 0.471875 0.49609375 0.01484375 0.0265625
17 0.5765625 0.565625 0.06640625 0.1046875
19 0.47421875 0.51640625 0.01328125 0.02578125
15 0.54453125 0.54609375 0.03671875 0.06796875
19 0.52734375 0.51875 0.02265625 0.02890625
20 0.48359375 0.49921875 0.01171875 0.025
0 0.41953125 0.5375 0.01484375 0.03046875
20 0.5046875 0.5 0.01640625 0.0203125
19 0.54921875 0.509375 0.0234375 0.01015625