10 0.3140625 0.43828125 0.01484375 0.02578125
23 0.60390625 0.434375 0.0625 0.08671875
35 0.76953125 0.51953125 0.04765625 0.1046875
24 0.81875 0.55078125 0.06640625 0.1453125
23 0.8171875 0.44140625 0.07109375 0.06171875
7 0.52890625 0.64375 0.31015625 0.48671875
25 0.9125 0.51640625 0.04765625 0.08515625
15 0.6484375 0.45703125 0.034375 0.05
0 0.21640625 0.43984375 0.02734375 0.03359375
35 0.259375 0.56171875 0.08203125 0.17578125
23 0.9859375 0.4453125 0.02734375 0.07421875
35 0.4125 0.540625 0.071875 0.1265625
19 0.73359375 0.48671875 0.09453125 0.1359375
20 0.3453125 0.42578125 0.01328125 0.028125
20 0.28359375 0.421875 0.04375 0.03515625
20 0.33359375 0.4265625 0.009375 0.021875
20 0.5515625 0.4140625 0.053125 0.04453125
20 0.671875 0.43359375 0.10703125 0.0953125