24 0.82578125 0.65703125 0.04140625 0.134375
34 0.48203125 0.715625 0.08125 0.18828125
35 0.184375 0.58671875 0.03125 0.07109375
25 0.24375 0.60859375 0.03671875 0.06328125
32 0.13359375 0.60078125 0.0203125 0.0703125
35 0.96484375 0.6234375 0.06953125 0.11796875
24 0.06953125 0.671875 0.059375 0.18046875
19 0.65078125 0.61953125 0.11171875 0.23671875
19 0.56015625 0.59921875 0.09453125 0.19609375
35 0.7921875 0.690625 0.0734375 0.1953125
35 0.3734375 0.64375 0.04453125 0.13984375
35 0.2703125 0.6390625 0.04609375 0.1203125