0 0.559375 0.4359375 0.01640625 0.01953125
25 0.49609375 0.4875 0.021875 0.06875
20 0.5125 0.4125 0.0109375 0.01953125
19 0.6390625 0.46640625 0.0328125 0.06796875
20 0.56953125 0.42421875 0.01484375 0.03125
17 0.68046875 0.4703125 0.0390625 0.0515625
7 0.8421875 0.75546875 0.31484375 0.48671875
24 0.73125 0.48515625 0.01953125 0.04453125
7 0.82578125 0.49375 0.06875 0.065625
7 0.59140625 0.45390625 0.0296875 0.0453125
0 0.609375 0.44375 0.02421875 0.0359375
15 0.7875 0.47734375 0.0390625 0.05625
35 0.50703125 0.48046875 0.0125 0.0390625