19 0.22578125 0.49921875 0.07890625 0.153125
10 0.64453125 0.63515625 0.271875 0.38359375
0 0.34140625 0.4515625 0.02734375 0.046875
35 0.38359375 0.51171875 0.02890625 0.0984375
10 0.4703125 0.46796875 0.0421875 0.065625
10 0.32421875 0.47890625 0.03671875 0.08359375
10 0.28828125 0.48203125 0.06484375 0.11875
10 0.5234375 0.51015625 0.0796875 0.1296875
35 0.3609375 0.534375 0.04375 0.13515625
35 0.4484375 0.53828125 0.03359375 0.109375
19 0.41171875 0.46953125 0.0375 0.08359375
24 0.48984375 0.453125 0.00546875 0.01015625
0 0.0609375 0.6296875 0.121875 0.28671875
34 0.23828125 0.68828125 0.1234375 0.25625
19 0.3609375 0.44140625 0.01328125 0.03125
24 0.0515625 0.45078125 0.02421875 0.078125
10 0.1328125 0.56171875 0.1234375 0.23046875
24 0.93203125 0.56796875 0.090625 0.14921875
24 0.0234375 0.45234375 0.0234375 0.07109375
9 0.44921875 0.453125 0.03515625 0.05703125