19 0.0140625 0.559375 0.02734375 0.07890625
19 0.96171875 0.515625 0.07578125 0.028125
19 0.48203125 0.56875 0.05390625 0.12421875
19 0.18671875 0.5640625 0.06640625 0.09609375
0 0.60546875 0.5234375 0.02734375 0.03046875
19 0.36484375 0.5953125 0.084375 0.17578125
10 0.0796875 0.565625 0.09453125 0.078125
0 0.59140625 0.5140625 0.01953125 0.025
35 0.54609375 0.5546875 0.01640625 0.0484375
19 0.26953125 0.6234375 0.115625 0.228125
7 0.75703125 0.70546875 0.275 0.36171875
0 0.64765625 0.53984375 0.02578125 0.059375
10 0.84375 0.58046875 0.09296875 0.121875
0 0.6875 0.5390625 0.06015625 0.0609375