25 0.61953125 0.60390625 0.03203125 0.1
0 0.95390625 0.60859375 0.08984375 0.1734375
19 0.08984375 0.76328125 0.17890625 0.46328125
0 0.9796875 0.49921875 0.0390625 0.0609375
15 0.80234375 0.7734375 0.39375 0.4515625
0 0.878125 0.53671875 0.10703125 0.04921875
16 0.28125 0.6375 0.1890625 0.275
36 0.478125 0.56484375 0.246875 0.53515625
5 0.62109375 0.5578125 0.075 0.12109375
16 0.6734375 0.521875 0.0453125 0.06015625
23 0.9078125 0.49375 0.0765625 0.09375
0 0.67890625 0.575 0.05078125 0.121875
0 0.7515625 0.53359375 0.1234375 0.053125
19 0.8359375 0.5203125 0.071875 0.06875