4 0.8578125 0.56328125 0.01796875 0.05625
2 0.2953125 0.790625 0.590625 0.415625
2 0.6125 0.52890625 0.053125 0.0546875
2 0.73515625 0.5640625 0.07265625 0.125
0 0.6796875 0.615625 0.10390625 0.2046875
4 0.79296875 0.66953125 0.06328125 0.178125
4 0.53125 0.66953125 0.09140625 0.13984375
2 0.86796875 0.54609375 0.04296875 0.0765625
2 0.95234375 0.65625 0.09375 0.2734375
2 0.94921875 0.79453125 0.10078125 0.4046875
6 0.81015625 0.53046875 0.10625 0.25234375
2 0.9140625 0.62109375 0.0953125 0.19140625
4 0.58984375 0.6390625 0.05859375 0.134375