0 0.97265625 0.56328125 0.05390625 0.12578125
4 0.0546875 0.62109375 0.07265625 0.12421875
2 0.59375 0.5390625 0.04296875 0.07109375
2 0.55625 0.5125 0.02421875 0.01796875
2 0.528125 0.53359375 0.0390625 0.04921875
4 0.19921875 0.8765625 0.2203125 0.2453125
2 0.44375 0.6390625 0.1359375 0.2171875
2 0.5578125 0.59609375 0.09921875 0.15078125
2 0.678125 0.56953125 0.10390625 0.11640625
3 0.47109375 0.496875 0.05859375 0.07890625
5 0.3171875 0.7484375 0.09765625 0.271875
2 0.72890625 0.5328125 0.04453125 0.0546875
2 0.78203125 0.78515625 0.32265625 0.428125
0 0.83359375 0.5390625 0.04375 0.06640625
1 0.51015625 0.48515625 0.05546875 0.08359375
4 0.50234375 0.57578125 0.02265625 0.05625