4 0.4515625 0.4921875 0.02421875 0.06953125
0 0.4390625 0.446875 0.0171875 0.03671875
0 0.425 0.44453125 0.0171875 0.03671875
2 0.46484375 0.4671875 0.02421875 0.0640625
4 0.4703125 0.48359375 0.01796875 0.06640625
4 0.31015625 0.62734375 0.103125 0.20078125
4 0.01484375 0.51796875 0.0296875 0.1296875
0 0.5671875 0.50625 0.0828125 0.175
5 0.05703125 0.52734375 0.084375 0.12890625
0 0.496875 0.48828125 0.06015625 0.12578125
0 0.68125 0.61640625 0.184375 0.38515625
0 0.45390625 0.44453125 0.01875 0.03125