0 0.68046875 0.53359375 0.115625 0.24140625
0 0.4390625 0.446875 0.05703125 0.0890625
1 0.5109375 0.4015625 0.02109375 0.01875
0 0.478125 0.50625 0.07109375 0.20390625
0 0.87734375 0.50078125 0.05234375 0.11171875
1 0.48671875 0.4046875 0.0234375 0.01328125
0 0.52421875 0.41640625 0.05546875 0.0234375
5 0.85234375 0.528125 0.04609375 0.10390625
5 0.3546875 0.53046875 0.06328125 0.14921875
5 0.95859375 0.55859375 0.03046875 0.08046875
0 0.54453125 0.5515625 0.11796875 0.265625
0 0.38515625 0.48203125 0.08046875 0.1609375
4 0.76484375 0.56875 0.0625 0.17109375
0 0.625 0.48359375 0.07421875 0.14453125