2 0.3875 0.5265625 0.04921875 0.0640625
3 0.0453125 0.65078125 0.08984375 0.5296875
2 0.3734375 0.5953125 0.09921875 0.14296875
2 0.41484375 0.53359375 0.021875 0.065625
2 0.5234375 0.54921875 0.11484375 0.04375
5 0.18515625 0.821875 0.1875 0.3546875
2 0.36015625 0.534375 0.05703125 0.04453125
2 0.54921875 0.778125 0.378125 0.44296875
2 0.246875 0.70078125 0.26171875 0.3203125
2 0.44453125 0.54453125 0.021875 0.065625
0 0.096875 0.640625 0.10703125 0.25625
2 0.43984375 0.53671875 0.0234375 0.05546875
2 0.47734375 0.53671875 0.03671875 0.04921875
2 0.4734375 0.5359375 0.04375 0.05546875