2 0.7015625 0.79296875 0.4203125 0.41171875
2 0.71328125 0.58046875 0.12578125 0.07421875
5 0.3578125 0.73359375 0.06796875 0.18359375
0 0.5734375 0.58828125 0.07265625 0.09609375
2 0.91875 0.77578125 0.1609375 0.409375
2 0.36015625 0.6359375 0.10078125 0.13828125
3 0.06640625 0.565625 0.13046875 0.1453125
0 0.48359375 0.70078125 0.14375 0.32109375
2 0.11875 0.79765625 0.2375 0.4015625
2 0.21171875 0.69453125 0.20390625 0.21796875
0 0.871875 0.54609375 0.04140625 0.04765625
0 0.41796875 0.5625 0.01484375 0.0265625