2 0.42578125 0.471875 0.05234375 0.0765625
2 0.5890625 0.48203125 0.01953125 0.11171875
2 0.7609375 0.65 0.29921875 0.371875
1 0.253125 0.39296875 0.11328125 0.1265625
2 0.93046875 0.6453125 0.1375 0.3234375
0 0.30078125 0.71328125 0.27734375 0.571875
1 0.3125 0.40859375 0.0265625 0.04921875
2 0.3203125 0.428125 0.01953125 0.009375
4 0.05859375 0.68125 0.1171875 0.3203125
4 0.14375 0.5984375 0.06640625 0.171875
2 0.51484375 0.50546875 0.15078125 0.23828125
5 0.515625 0.61171875 0.06953125 0.2015625