2 0.809375 0.52890625 0.05390625 0.07421875
4 0.70859375 0.56171875 0.02890625 0.07578125
2 0.97578125 0.51328125 0.0328125 0.01484375
2 0.928125 0.546875 0.06640625 0.096875
4 0.86640625 0.565625 0.02421875 0.07890625
0 0.78828125 0.5125 0.053125 0.034375
2 0.95390625 0.63203125 0.090625 0.21875
0 0.8296875 0.51953125 0.0125 0.04296875
2 0.44140625 0.70625 0.41796875 0.55625
2 0.90078125 0.51875 0.015625 0.040625
0 0.8390625 0.52578125 0.01171875 0.05390625
6 0.86875 0.50234375 0.0546875 0.14375
2 0.77734375 0.603125 0.128125 0.18828125
2 0.95625 0.578125 0.08671875 0.12890625