3 0.3234375 0.5390625 0.1484375 0.253125
0 0.39921875 0.53359375 0.028125 0.065625
2 0.4921875 0.51171875 0.00625 0.01953125
1 0.5078125 0.4984375 0.01796875 0.01796875
2 0.50390625 0.63125 0.14140625 0.22109375
2 0.51640625 0.5171875 0.04765625 0.0140625
2 0.91953125 0.665625 0.16015625 0.27421875
4 0.39453125 0.55546875 0.01328125 0.0453125
2 0.48203125 0.5078125 0.02265625 0.02890625
2 0.46796875 0.51328125 0.03046875 0.025
2 0.440625 0.54921875 0.046875 0.08125
2 0.81953125 0.55859375 0.07109375 0.078125
4 0.1203125 0.65234375 0.0765625 0.1640625
0 0.6140625 0.51875 0.0328125 0.0453125
2 0.7265625 0.57890625 0.10703125 0.134375