2 0.48203125 0.696875 0.21328125 0.36171875
2 0.41875 0.5609375 0.06953125 0.12109375
1 0.434375 0.49296875 0.0703125 0.0765625
1 0.4734375 0.49765625 0.01328125 0.025
2 0.3 0.61640625 0.14921875 0.2078125
2 0.70390625 0.63828125 0.1875 0.25390625
2 0.56328125 0.52734375 0.06875 0.09140625
2 0.459375 0.5390625 0.06640625 0.01640625
2 0.8984375 0.76015625 0.2015625 0.478125
2 0.5921875 0.57421875 0.08828125 0.140625
4 0.3796875 0.56171875 0.01171875 0.04921875
2 0.49296875 0.52578125 0.04140625 0.0265625