5 0.70390625 0.696875 0.07109375 0.16875
2 0.865625 0.58046875 0.07265625 0.0796875
2 0.17421875 0.78359375 0.3484375 0.43125
2 0.38046875 0.6375 0.09453125 0.12109375
2 0.30625 0.63828125 0.07890625 0.10546875
2 0.7234375 0.58203125 0.0453125 0.05546875
2 0.665625 0.6234375 0.08203125 0.1515625
2 0.8765625 0.78671875 0.24609375 0.42421875
2 0.58125 0.66015625 0.1171875 0.18671875
0 0.5390625 0.61640625 0.05234375 0.128125
5 0.6015625 0.83203125 0.1203125 0.334375
0 0.4609375 0.63203125 0.07109375 0.15625