0 0.28671875 0.446875 0.05078125 0.08359375
0 0.40625 0.42578125 0.015625 0.028125
1 0.5125 0.40859375 0.0203125 0.021875
0 0.41953125 0.42109375 0.0125 0.021875
0 0.42890625 0.42578125 0.01640625 0.028125
0 0.52890625 0.45625 0.02734375 0.0609375
4 0.11953125 0.453125 0.04296875 0.05625
5 0.1859375 0.496875 0.04453125 0.0859375
2 0.56875 0.4984375 0.07421875 0.1296875
2 0.80234375 0.6984375 0.378125 0.50390625
5 0.3765625 0.48359375 0.01328125 0.07421875
2 0.4171875 0.49375 0.0796875 0.11015625
4 0.09609375 0.44609375 0.03828125 0.06171875
1 0.47109375 0.428125 0.06484375 0.11953125