4 0.27734375 0.48984375 0.021875 0.0609375
5 0.4 0.50390625 0.0234375 0.06171875
5 0.30234375 0.48203125 0.0203125 0.03203125
6 0.4859375 0.48671875 0.05546875 0.11484375
4 0.07421875 0.49375 0.03046875 0.06171875
5 0.44453125 0.50078125 0.021875 0.05703125
5 0.0546875 0.50078125 0.02421875 0.05625
5 0.3234375 0.49609375 0.01953125 0.05859375
5 0.3765625 0.49453125 0.021875 0.0609375
5 0.7703125 0.8 0.29140625 0.36015625
5 0.42109375 0.503125 0.02578125 0.06484375
5 0.0953125 0.49453125 0.02734375 0.05859375
4 0.22265625 0.521875 0.03125 0.0796875
4 0.04140625 0.640625 0.08203125 0.18984375