2 0.8328125 0.71640625 0.32890625 0.3609375
2 0.58203125 0.55546875 0.03828125 0.1015625
2 0.44921875 0.52890625 0.03359375 0.03984375
2 0.50625 0.52421875 0.04296875 0.01875
2 0.04375 0.91484375 0.08671875 0.16875
2 0.39609375 0.571875 0.1078125 0.15859375
1 0.48203125 0.496875 0.0453125 0.0796875
0 0.6234375 0.56875 0.06953125 0.13125
0 0.53125 0.52578125 0.0515625 0.053125
1 0.50859375 0.496875 0.00625 0.0203125
1 0.5203125 0.49765625 0.0125 0.01796875
2 0.48984375 0.7390625 0.24765625 0.3953125
2 0.90859375 0.56328125 0.06953125 0.08046875
2 0.50546875 0.53828125 0.065625 0.01796875
2 0.6609375 0.61171875 0.11875 0.1765625