4 0.28515625 0.6765625 0.17109375 0.2234375
5 0.2453125 0.68671875 0.15390625 0.3015625
6 0.58828125 0.48125 0.1125 0.2546875
4 0.1578125 0.76484375 0.23828125 0.375
4 0.40859375 0.5671875 0.09453125 0.115625
5 0.3359375 0.61015625 0.1078125 0.19296875
5 0.3578125 0.59609375 0.0984375 0.153125
4 0.5 0.51796875 0.025 0.06484375
2 0.771875 0.57578125 0.13984375 0.19296875
2 0.9078125 0.615625 0.18125 0.26796875
5 0.040625 0.91796875 0.08046875 0.15859375
5 0.39765625 0.5796875 0.0984375 0.12890625